service_id,monday,tuesday,wednesday,thursday,friday,saturday,sunday,start_date,end_date
AFA24GEN-1038-Sunday-00_C17,0,0,0,0,0,0,1,20241215,20250601
AFA24GEN-1039-Saturday-00_C33,0,0,0,0,0,1,0,20241221,20250607
AFA24GEN-1093-Weekday-00,1,1,1,1,1,0,0,20241216,20250606
AFA24GEN-1093-Weekday-00_C69,1,1,1,1,1,0,0,20241216,20250606
AFA24GEN-1093-Weekday-00_C8,1,1,1,1,1,0,0,20241216,20250606
AFA24GEN-2042-Saturday-00_C9,0,0,0,0,0,1,0,20241221,20250607
AFA24GEN-2048-Sunday-00_C6,0,0,0,0,0,0,1,20241215,20250601
AFA24GEN-2099-Weekday-00,1,1,1,1,1,0,0,20241216,20250606
AFA24GEN-2099-Weekday-00_C13,1,1,1,1,1,0,0,20241216,20250606
AFA24GEN-2099-Weekday-00_C71,1,1,1,1,1,0,0,20241216,20250606
AFA24GEN-2099-Weekday-00_C78,1,1,1,1,1,0,0,20241216,20250606
AFA24GEN-3040-Saturday-00_C2,0,0,0,0,0,1,0,20241221,20250607
AFA24GEN-3042-Sunday-00_C47,0,0,0,0,0,0,1,20241215,20250601
AFA24GEN-3091-Weekday-00_C37,1,1,1,1,1,0,0,20241216,20250606
AFA24GEN-4043-Saturday-00_C30,0,0,0,0,0,1,0,20241221,20250607
AFA24GEN-4049-Sunday-00_C25,0,0,0,0,0,0,1,20241215,20250601
AFA24GEN-4104-Weekday-00_C40,1,1,1,1,1,0,0,20241216,20250606
AFA24GEN-4104-Weekday-00_C41,1,1,1,1,1,0,0,20241216,20250606
AFA24GEN-4104-Weekday-00_C74,1,1,1,1,1,0,0,20241216,20250606
AFA24GEN-5044-Saturday-00_C66,0,0,0,0,0,1,0,20241221,20250607
AFA24GEN-5049-Sunday-00_C58,0,0,0,0,0,0,1,20241215,20250601
AFA24GEN-5113-Weekday-00,1,1,1,1,1,0,0,20241216,20250606
AFA24GEN-5113-Weekday-00_C53,1,1,1,1,1,0,0,20241216,20250606
AFA24GEN-6031-Sunday-00_C20,0,0,0,0,0,0,1,20241215,20250601
AFA24GEN-6034-Saturday-00_C51,0,0,0,0,0,1,0,20241221,20250607
AFA24GEN-6090-Weekday-00_C10,1,1,1,1,1,0,0,20241216,20250606
AFA24GEN-7024-Saturday-00_C44,0,0,0,0,0,1,0,20241221,20250607
AFA24GEN-7026-Sunday-00_C64,0,0,0,0,0,0,1,20241215,20250601
AFA24GEN-7064-Weekday-00_C29,1,1,1,1,1,0,0,20241216,20250606
AFA24GEN-GS013-Saturday-00,0,0,0,0,0,1,0,20241221,20250607
AFA24GEN-GS013-Sunday-00,0,0,0,0,0,0,1,20241215,20250601
AFA24GEN-GS022-Weekday-00,1,1,1,1,1,0,0,20241216,20250606
BFA24GEN-A046-Saturday-00_C65,0,0,0,0,0,1,0,20241221,20250607
BFA24GEN-A054-Sunday-00_C36,0,0,0,0,0,0,1,20241215,20250601
BFA24GEN-A086-Weekday-00_C62,1,1,1,1,1,0,0,20241216,20250606
BFA24GEN-B085-Weekday-00_C12,1,1,1,1,1,0,0,20241216,20250606
BFA24GEN-C026-Saturday-00_C60,0,0,0,0,0,1,0,20241221,20250607
BFA24GEN-C028-Sunday-00_C21,0,0,0,0,0,0,1,20241215,20250601
BFA24GEN-C057-Weekday-00_C52,1,1,1,1,1,0,0,20241216,20250606
BFA24GEN-D039-Saturday-00_C39,0,0,0,0,0,1,0,20241221,20250607
BFA24GEN-D042-Sunday-00_C18,0,0,0,0,0,0,1,20241215,20250601
BFA24GEN-D082-Weekday-00_C1,1,1,1,1,1,0,0,20241216,20250606
BFA24GEN-E043-Saturday-00_C24,0,0,0,0,0,1,0,20241221,20250607
BFA24GEN-E049-Sunday-00_C49,0,0,0,0,0,0,1,20241215,20250601
BFA24GEN-E075-Weekday-00_C31,1,1,1,1,1,0,0,20241216,20250606
BFA24GEN-F045-Saturday-00_C46,0,0,0,0,0,1,0,20241221,20250607
BFA24GEN-F049-Sunday-00_C19,0,0,0,0,0,0,1,20241215,20250601
BFA24GEN-F078-Weekday-00_C28,1,1,1,1,1,0,0,20241216,20250606
BFA24GEN-FS012-Saturday-00,0,0,0,0,0,1,0,20241221,20250607
BFA24GEN-FS012-Weekday-00,1,1,1,1,1,0,0,20241216,20250606
BFA24GEN-FS013-Sunday-00,0,0,0,0,0,0,1,20241215,20250601
BFA24GEN-G037-Saturday-00_C54,0,0,0,0,0,1,0,20241221,20250607
BFA24GEN-G038-Sunday-00_C61,0,0,0,0,0,0,1,20241215,20250601
BFA24GEN-G054-Weekday-00_C50,1,1,1,1,1,0,0,20241216,20250606
BFA24GEN-H025-Sunday-00_C56,0,0,0,0,0,0,1,20241215,20250601
BFA24GEN-H026-Saturday-00_C4,0,0,0,0,0,1,0,20241221,20250607
BFA24GEN-H042-Weekday-00_C48,1,1,1,1,1,0,0,20241216,20250606
BFA24GEN-J034-Saturday-00_C59,0,0,0,0,0,1,0,20241221,20250607
BFA24GEN-J034-Sunday-00_C15,0,0,0,0,0,0,1,20241215,20250601
BFA24GEN-J055-Weekday-00_C38,1,1,1,1,1,0,0,20241216,20250606
BFA24GEN-L026-Saturday-00_C27,0,0,0,0,0,1,0,20241221,20250607
BFA24GEN-L026-Sunday-00_C35,0,0,0,0,0,0,1,20241215,20250601
BFA24GEN-L049-Weekday-00_C32,1,1,1,1,1,0,0,20241216,20250606
BFA24GEN-M027-Sunday-00_C57,0,0,0,0,0,0,1,20241215,20250601
BFA24GEN-M028-Saturday-00_C34,0,0,0,0,0,1,0,20241221,20250607
BFA24GEN-M092-Weekday-00_C3,1,1,1,1,1,0,0,20241216,20250606
BFA24GEN-N056-Saturday-00_C45,0,0,0,0,0,1,0,20241221,20250607
BFA24GEN-N059-Sunday-00_C63,0,0,0,0,0,0,1,20241215,20250601
BFA24GEN-N099-Weekday-00_C11,1,1,1,1,1,0,0,20241216,20250606
BFA24GEN-Q022-Saturday-00_C5,0,0,0,0,0,1,0,20241221,20250607
BFA24GEN-Q024-Sunday-00_C55,0,0,0,0,0,0,1,20241215,20250601
BFA24GEN-Q071-Weekday-00_C43,1,1,1,1,1,0,0,20241216,20250606
BFA24GEN-R051-Sunday-00_C23,0,0,0,0,0,0,1,20241215,20250601
BFA24GEN-R052-Saturday-00_C42,0,0,0,0,0,1,0,20241221,20250607
BFA24GEN-R094-Weekday-00_C26,1,1,1,1,1,0,0,20241216,20250606
SIR-FA2017-SI017-Saturday-00_C16,0,0,0,0,0,1,0,20241221,20250607
SIR-FA2017-SI017-Sunday-00_C67,0,0,0,0,0,0,1,20241215,20250601
SIR-FA2017-SI017-Weekday-08,1,1,1,1,1,0,0,20241216,20250606
SIR-FA2017-SI017-Weekday-08_C22,1,1,1,1,1,0,0,20241216,20250606
